1.9003604816601994E-5 0.9999809963951835 
0.023089340982792503 0.9511366156260483 0.025774043391159157 
0.01 0.9900000000000001 
0.0019218413286860411 0.7115361653010979 0.286541993370216 
0.002328288707799767 0.9953434225844005 0.002328288707799767 
0.0420488940628638 0.9463445867287545 0.01160651920838184 
0.05 0.9 0.05 
2.1473313298567582E-4 2.1473313298567582E-4 0.999355800601043 2.147331329856758E-4 
2.149155675919152E-4 2.149155675919152E-4 0.9993552532972243 2.1491556759191516E-4 
0.01020631894488824 0.010206140158974124 0.9693652324701856 0.01022230842595209 
0.009999999999999998 0.009999999999999998 0.97 0.009999999999999998 
2.7999357243179164E-10 2.7999357243179164E-10 0.9999997953246986 2.0411531430277613E-7
1.0735502326011118E-4 0.9994631286000215 4.29516376718469E-4 
0.9938003559386603 0.006199644061339718 
0.009999999999999998 0.98 0.009999999999999998 
0.03673673616757546 0.9515464757713425 0.01171678806108196 
0.009999999999999998 0.009999999999999998 0.97 0.009999999999999998